-495
-656
272
-405
723
543
300
543
174
-573
-323
-185
-131
41
517
897
178
231
-29
-736
-407
-776
-479
-74
-334
296
568
-648
-470
-39
-520
113
809
83
733
733
255
-482
-385
292
-208
-726
50
128
139
-2
-612
-743
-228
-193
-650
-236
-547
-74
617
106
-754
-746
-600
-383
-367
-263
-576
-305
-211
465
158
35
401
622
212
111
-109
-892
-1059
-692
-649
-868
-801
-632
-716
-256
-373
-434
-359
-431
-562
-437
-143
546
-76
-636
-622
-647
-348
561
178
624
251
270
-405
-410
-842
-400
310
63
567
219
-243
-533
-35
-788
-139
467
-63
495
357
-400
-276
4
-164
-129
-89
393
-31
-67
258
-790
-929
-647
-358
-301
-813
257
516
-223
-705
-357
-417
-112
214
403
814
61
-106
187
-161
734
771
408
-560
-177
809
294
391
145
-624
-241
-98
-681
-720
-358
350
231
-13
60
-110
-347
-59
72
-148
452
-96
-250
488
911
356
-605
46
569
88
597
88
-457
-485
-312
-371
235
-306
-870
13
649
397
127
-117
195
541
443
125
304
35
317
476
444
-780
-615
97
-64
-294
-556
-440
-284
-291
-367
-714
-483
-899
-557
764
69
296
-138
271
710
589
-335
-350
-162
479
-18
-222
158
430
537
-243
-367
-535
445
216
-163
-258
290
290
-253
38
-399
348
627
367
-128
-165
358
489
-176
-23
22
942
466
-572
219
225
-371
-145
-56
-713
-413
-381
-375
-514
-388
-604
-478
-45
211
248
-400
7
379
599
-66
-260
11
-257
178
198
-285
-482
172
572
358
571
-259
-320
-66
-399
-681
-553
-350
-266
21
-165
-684
-517
320
577
-41
108
-131
-135
177
66
285
52
397
354
423
537
242
-113
-213
63
-59
-151
-292
-209
-827
-303
193
-843
-1057
314
146
146
460
-634
-120
743
22
-687
-64
644
201
117
658
215
-663
-183
-248
-224
-361
-474
-714
-537
43
-605
-1020
-400
199
58
-675
-150
-265
-464
205
698
-793
-243
287
553
65
-328
-415
656
252
-182
-53
331
378
567
206
286
6
-135
13
-471
-126
-143
98
570
-27
-59
269
65
-132
-336
-109
469
365
411
-211
-105
246
-177
-562
-250
-374
-645
-91
-200
-294
-771
366
574
-133
42
-244
-350
441
586
-47
-381
343
463
103
-95
-32
137
-228
-278
181
369
99
-727
-627
-853
-880
-1460
595
-791
76
1146
-161
278
664
391
522
-269
-248
-297
-146
1
607
969
19
150
-241
-384
-30
-131
-519
-302
-1019
-635
-1286
444
-1051
-438
1130
-475
-168
1216
-498
-775
-253
-466
-561
-224
-625
-1178
43
-70
-575
-919
-122
462
832
-379
-261
161
-150
837
1175
-165
511
560
-418
13
-388
-710
-1274
-1480
-1263
-1975
-2063
65
-435
-726
303
497
-139
-48
590
1098
-143
117
-128
22
389
53
147
280
203
-299
-76
-306
-306
238
262
-427
138
41
-193
-497
-62
-239
-308
672
-168
113
869
-442
-60
-461
-443
-594
521
-183
99
875
409
868
600
288
513
70
50
-29
-737
407
341
443
-44
57
-198
226
-184
187
55
614
392
-280
29
-39
-589
-289
386
757
-130
275
-345
458
-329
-193
-315
-955
568
320
113
79
-570
-140
-761
-972
-766
190
325
114
193
-26
937
-500
-243
-405
635
-117
805
-328
715
185
-738
-637
-1011
-786
-42
-375
305
-129
77
-348
40
658
-593
-215
-372
106
221
343
272
836
52
673
104
83
88
-78
-699
-207
-928
-1092
83
-44
574
-233
-229
-15
-416
-294
-78
45
-126
-857
760
133
9
632
867
331
-469
-211
-136
137
515
238
32
186
317
-25
92
132
-166
-22
437
-604
-691
-306
0
214
-50
-339
167
-101
-68
-769
-787
124
-72
274
-196
538
46
-265
-871
-1116
743
282
455
362
-76
-79
-468
-789
-1053
46
-511
-98
225
120
481
-331
394
-500
370
189
470
59
122
137
-648
-819
-1015
-249
-79
-316
-7
-458
-365
-668
-787
-173
556
709
518
437
406
-438
912
77
-488
-947
499
765
-348
-13
401
268
84
-224
31
235
-157
-138
74
-339
79
-810
-436
-1133
-233
539
-1245
-319
475
-424
-665
472
-1048
-1364
-229
-848
-1204
-610
-790
-928
-884
-584
-671
-60
-793
220
975
-354
590
1053
381
499
529
361
422
-405
570
-206
-474
63
-727
-958
-153
-626
-927
-57
-888
-1152
-486
-72
-120
-26
-52
-455
-225
-314
-524
-847
190
420
-142
349
99
-416
-50
-244
-642
111
103
-771
-61
230
-388
492
224
-812
-274
185
-468
-303
-128
-415
137
-179
954
269
573
612
456
167
710
522
-598
-578
-88
-76
-48
-99
-116
-131
-126
-465
139
197
252
507
661
-282
188
642
-25
94
-27
-41
526
-531
-973
-163
-622
-118
201
-16
218
913
582
-216
408
-430
-130
-199
-193
701
-20
502
426
467
287
-275
341
89
-27
446
-30
-1128
-340
-509
-439
-469
-210
240
-359
252
735
384
461
-297
-170
-611
53
-920
-39
-181
-127
-210
-525
-647
-675
-312
-667
-432
213
-168
129
558
-57
143
124
232
374
-488
-319
-439
-665
-115
-532
-603
-616
-1053
-230
-290
-617
-37
-157
-381
323
-350
-235
328
-141
352
110
-219
417
364
123
61
18
252
302
-107
-483
379
10
125
-265
-232
415
111
-186
6
277
80
455
-353
-565
152
-266
19
-38
270
-207
136
87
-85
-251
-174
-347
48
-155
385
115
-373
128
120
-209
-310
-111
406
77
563
429
-353
506
-656
-168
-82
-1227
179
1535
65
-1279
247
574
-141
-702
-720
952
-758
-1065
413
460
-886
-702
-462
-487
128
-713
-1031
36
269
-488
-1199
-603
-1016
553
827
-232
-1217
506
430
-196
-59
-274
-281
-1210
-1315
-178
631
-875
-1481
246
130
-138
-266
-3
1074
-265
-1135
-167
-477
-274
-504
567
530
-446
876
1430
390
-109
-179
891
-90
-648
-443
368
-78
-345
358
7
181
-245
284
1295
685
80
-310
202
-131
442
-462
-861
689
639
-498
-1134
-236
-554
240
-116
-329
-595
384
-90
-333
-254
-945
-430
876
494
-845
242
703
-4
-217
-914
-39
793
-110
-1010
432
669
-153
-904
-412
959
-768
-839
593
1250
-441
-87
15
-175
403
-430
-843
625
1123
-85
-1164
-1013
-1180
509
84
-1530
118
711
6
-844
-639
-675
-254
-12
-752
-22
468
135
146
468
685
-122
25
584
47
-380
99
461
-494
107
-15
-700
-145
187
-301
-386
350
-485
-505
-78
-156
-887
-33
659
-131
199
-173
-1360
-881
-828
-1454
-1517
-800
-1400
-1131
-54
22
-844
15
20
-845
233
8
-236
-128
38
1126
-201
-336
155
5
-599
-231
-194
-396
-783
-237
-1030
-1401
-490
-968
-1617
800
418
-52
13
849
343
131
737
366
-31
556
9
-451
365
164
-106
555
810
-398
230
-42
-701
-48
848
-173
74
488
-768
100
146
-390
-290
547
343
235
707
-456
-28
611
-185
-617
464
429
-114
553
547
873
-439
210
442
62
-786
-228
-98
-48
514
58
-753
352
819
-521
186
794
-290
671
127
-717
165
178
-560
45
196
325
219
921
-255
-130
-261
-491
128
418
-626
354
529
-369
203
-269
-808
-267
260
-145
-155
-62
-215
442
625
-977
-556
0
-95
646
950
-310
-192
-449
-488
-75
199
-147
-305
-255
67
377
219
-505
190
285
4
337
46
361
610
1065
60
440
438
346
-28
-280
36
-83
-1001
-492
-1101
-1371
-204
256
855
-256
-238
-73
-316
-478
341
152
-115
96
336
679
905
171
113
-36
-114
-200
228
-159
165
608
-740
-222
34
-163
182
35
-390
-99
-243
-882
-761
-672
45
163
397
-547
-19
-239
-849
-739
-585
23
180
358
-79
404
-243
-707
-469
-441
-495
688
81
-146
437
44
-418
-595
6
-134
-343
193
-138
509
21
-775
-574
-397
-80
509
412
-752
83
-269
-881
-758
-46
-249
779
339
-645
-513
-316
679
1078
311
-545
500
500
-920
145
-627
-454
-666
-396
-757
221
699
-1415
155
247
-735
-739
-729
-734
337
719
-1094
-590
-536
556
1008
485
-134
-102
192
-442
506
1607
-1354
-719
-494
637
145
210
245
279
921
-766
108
-256
-134
389
-269
-1082
-773
-812
389
321
-663
-720
394
988
-486
-413
1
37
-138
462
1164
-66
-68
579
698
513
-1086
-491
-771
204
19
-63
-421
528
188
-911
-973
-722
-360
243
696
-1200
-220
-520
58
-411
-238
-583
189
-26
-1034
-514
-282
368
329
-251
207
113
708
-1224
-656
-370
706
405
180
-332
429
269
-623
58
-735
-627
-826
-320
820
250
254
72
745
298
-933
-1127
-737
-573
506
434
-1255
71
-507
-188
-858
-809
-142
-214
397
-370
235
421
650
716
-771
347
-185
-291
-307
-180
472
-8
682
-263
301
121
-655
1
-98
725
87
813
812
227
93
609
-530
203
287
675
935
-982
-86
141
-464
-230
-488
593
-623
607
1392
-165
247
-130
-788
-527
-421
-331
-427
730
396
148
51
174
-721
-935
-42
-917
291
-705
-1003
-717
-411
25
660
-337
258
-714
15
287
285
-752
-735
-859
-255
-966
-784
-341
-45
-140
-610
-586
-432
191
-21
212
219
-33
-368
118
349
11
20
430
-266
49
-204
-102
-36
-439
-43
465
-63
-553
-265
-263
464
31
278
-15
308
461
-313
415
-83
147
62
140
604
48
539
-686
-325
-32
-319
-392
-531
80
-63
-353
-506
460
10
-218
-476
123
627
172
569
-172
-665
-333
-1147
539
1312
516
829
775
1162
-20
589
103
-1034
-611
-674
145
393
-553
41
786
888
-892
-654
-622
-59
134
-386
-907
-34
-951
546
1019
-167
983
792
212
150
559
1246
-435
843
-40
-644
-805
-1393
422
546
734
343
1362
369
-949
-740
-712
-654
-588
-811
-1177
-844
-851
-840
-100
589
-545
139
102
-250
-190
-222
978
901
-136
756
643
483
422
1048
269
-1129
-592
-390
-147
460
540
-697
110
-568
-780
-1
-133
-598
-288
-19
-869
-760
-709
-301
44
803
-319
-129
-393
-807
-96
-622
190
513
418
-325
222
-530
-648
-191
-719
273
859
806
175
540
-191
-955
-877
-1296
257
-75
-685
-278
462
615
-621
-379
-384
-658
-375
-178
-445
101
-74
-1179
-498
-515
1034
445
235
432
-620
-589
-452
-441
-562
-30
-353
-837
707
27
-252
-337
-301
-191
-230
-436
-573
658
544
137
-64
-131
-387
-644
-729
-665
235
-501
-909
-735
-728
-761
-82
-540
-821
69
238
1142
-24
419
208
-835
-172
-644
458
398
432
579
121
-85
-340
-436
-618
-156
-256
576
113
-132
303
-225
228
88
93
156
-150
42
-31
5
-363
-16
-466
421
9
-141
986
370
-359
559
201
-406
-178
314
197
611
-67
-233
-303
-84
-407
122
-8
133
235
-71
-340
-526
-43
-726
522
-224
118
-132
-90
-183
207
-19
-466
546
245
-86
-258
-584
-583
-63
2
-469
293
-62
-143
122
17
-125
-169
-301
-558
286
591
274
437
183
-184
109
8
-774
324
290
125
-195
-264
-393
-15
-400
-655
157
752
829
641
-194
-297
95
1212
75
113
-13
270
48
-177
-351
-539
-203
242
-45
-371
365
-14
537
-28
-427
-48
74
-105
816
882
117
-227
-198
338
783
488
-58
-296
-542
-51
1026
597
-341
-939
-1
332
-103
331
-168
681
968
249
-862
-358
295
335
381
153
-507
-712
277
437
-450
-257
-723
138
-50
-680
-1046
-514
-114
118
8
-336
-344
205
381
795
552
-217
-454
139
-429
0
84
489
322
431
-155
-273
-219
-85
351
-128
-548
-468
-127
-70
-137
-116
305
593
266
-443
-564
-104
115
123
-488
-78
658
-36
-443
-246
59
581
180
134
-110
-398
-6
-467
-225
47
-487
480
-3
-264
-229
-250
-235
619
211
-559
-268
-150
173
173
-62
-324
-307
-311
-19
366
309
954
660
209
440
236
-594
125
-631
-665
-386
-196
-558
-625
-563
-494
106
592
-38
-662
-135
34
-414
-468
-321
39
499
-255
399
554
-203
23
18
-189
185
-406
-319
-603
-913
159
-83
-507
-82
-317
-204
536
315
-317
215
1012
-93
434
485
69
352
669
660
-647
-386
536
-1103
-968
147
-1003
-994
-789
-967
-1465
-1404
323
274
-741
408
362
-77
537
622
643
105
275
239
39
126
-334
297
501
125
-330
112
223
238
296
-214
283
308
29
-652
-306
460
490
698
530
-410
176
356
-1186
-444
65
-19
630
207
-159
46
66
-1027
-375
-56
-687
-875
-653
-584
-457
-548
-295
410
465
47
-200
-304
86
541
308
-243
28
489
-211
-364
-331
-329
-227
227
-682
15
562
190
-376
-448
781
260
95
254
21
-370
212
400
42
-123
522
282
-303
-267
32
172
-58
-649
212
-3
51
-40
220
411
217
-215
-312
747
327
-2
427
-43
-380
457
166
-447
-289
-211
-407
259
-189
60
-74
-91
-989
115
-326
-635
578
267
-215
259
222
770
9
-65
476
-593
-304
-506
7
-206
-679
-625
40
174
-598
-663
-461
-514
110
-150
-370
-543
-362
494
240
-210
-361
-56
-565
193
136
-102
667
183
138
-50
-345
-158
359
-190
-170
-172
213
408
-78
-211
370
157
-47
96
-5
-160
227
76
-401
-191
463
584
448
150
385
-187
43
160
157
-730
-126
280
-549
-833
-205
-451
-20
-461
-317
2
57
505
461
-104
259
124
6
-223
152
124
214
-247
79
-331
-442
79
-356
-122
-112
77
-523
-1319
776
-165
-213
-364
-422
505
-579
-667
-718
580
49
-26
136
-5
915
100
256
396
-291
-577
-134
-390
57
-95
-337
-162
-1155
-467
-628
-613
-880
-933
549
331
828
1145
-934
-640
-702
-272
-701
237
529
594
642
-215
-379
194
185
-171
-206
-450
-401
-234
62
-518
-92
-476
-489
141
-817
-555
49
-581
-623
-520
52
-260
-251
29
564
492
-98
213
172
353
123
7
476
347
-25
214
21
-150
657
498
231
195
-176
-386
-6
-362
-57
401
195
470
-67
43
-474
-102
69
161
0
74
234
156
62
-855
344
-583
-298
-432
-234
49
-710
-974
-682
141
312
151
288
-302
410
656
611
222
383
-167
-39
-213
287
560
-433
9
-229
-111
-736
-1146
-809
-704
-408
14
667
869
892
-2
-488
-138
-99
-191
-574
616
-51
122
476
-435
622
-103
-529
-1288
-670
-48
-355
-921
-1109
-900
-730
-98
106
677
463
270
198
351
848
308
-435
225
39
-831
-603
67
153
803
716
-653
473
-524
-203
445
1018
81
412
77
-561
-605
-690
-8
-275
-193
-88
-607
75
168
547
717
-141
-345
95
-308
790
41
-601
80
-813
-351
96
171
65
898
276
-664
-438
-791
-482
451
221
7
229
52
-539
-585
-162
34
493
583
-343
-403
-554
-695
-506
183
606
-114
-232
-1056
-332
-783
-727
-444
-46
655
735
553
98
15
-219
-2
-736
151
-166
284
472
-518
723
153
-608
-639
-835
-393
749
-28
-879
53
-632
-465
-708
68
31
-415
73
-80
-740
154
104
-763
232
152
342
92
456
230
-590
423
901
67
243
403
-337
-594
-57
-66
220
-53
-187
261
-301
177
196
-561
420
-121
-435
392
172
-241
207
-385
-1079
-744
-79
-1109
-222
256
-676
-306
8
-255
-1106
-68
-53
-105
89
713
959
-542
278
663
-24
142
748
254
-160
-545
-114
-692
-1006
171
-896
-1232
-6
-101
-48
513
217
-456
598
373
134
-174
373
-352
-277
583
-455
-595
45
-191
-443
239
-83
-700
-232
204
-605
-181
525
-401
-181
433
-591
-277
840
-405
-694
744
426
211
474
-351
-580
520
463
-420
665
-64
645
5
496
470
-278
1014
886
-203
464
569
-448
-344
272
-8
-316
627
67
-292
78
-292
-89
380
-79
35
221
190
-35
-674
245
378
-840
654
858
-779
363
380
753
-117
356
46
-476
635
-472
-622
-420
165
266
-628
-230
-308
154
-481
-247
-18
-348
128
-16
-699
808
630
-729
728
427
-74
494
-312
-300
-103
377
-926
-54
574
-822
-274
-240
-964
-375
324
-868
261
234
32
1104
42
912
728
-110
485
-68
-882
433
-1040
-116
-734
-902
63
-1010
-568
-280
-600
-618
-229
-532
-451
-77
-441
-63
338
182
19
-653
-159
-23
-119
126
-219
329
121
174
-246
90
528
-112
499
346
6
203
364
-105
-15
642
474
-14
528
-290
-91
165
-180
-258
383
228
-302
296
-176
943
-52
286
376
-504
165
116
-747
-568
254
-124
-740
110
-191
71
76
-236
-154
376
-316
-171
117
-294
52
400
-565
-20
335
-286
-101
-488
-208
517
1031
-146
-381
536
40
-817
-201
651
287
379
872
-261
383
299
-310
-94
-335
57
711
982
160
20
-348
13
-471
-262
392
1078
273
-102
135
-368
-64
594
-600
-17
-656
879
761
-325
232
16
187
75
-491
-608
665
779
98
-398
552
440
-477
79
-360
-612
-45
-526
-878
-1132
-1073
-509
-446
235
117
-594
-64
720
669
-140
354
-711
-854
-673
279
200
198
103
-182
-145
-672
-440
-244
376
-169
-292
-339
-539
-332
-24
344
-164
-602
503
-31
53
-298
-272
385
485
-19
-774
300
183
26
-201
-335
79
819
81
-339
-114
-10
-515
-433
200
57
152
396
133
-37
206
-348
-64
208
-457
-102
-182
-419
240
166
-465
-169
491
432
487
637
-352
141
100
447
-373
-665
391
-677
-834
-878
-575
-642
169
-903
-125
57
-951
-129
399
-361
-872
-568
345
-517
496
-221
-765
168
299
-215
602
-199
-470
488
-909
-765
-828
-331
-246
-393
296
294
-335
941
-172
-4
-991
-714
-345
-722
-137
74
-97
120
-91
308
337
-377
1067
46
-903
930
-208
-212
-303
-80
205
-394
281
947
-390
55
-238
-630
-615
-517
-543
-33
794
-597
228
1081
-493
-429
-343
81
-190
265
-172
-209
58
524
105
283
241
-99
-68
442
-766
-118
357
-263
-162
697
-393
-201
482
-811
-86
485
282
112
824
92
247
46
-939
-443
-917
-313
184
-525
432
870
-772
335
1096
226
-769
-419
-171
-96
432
-392
-253
727
-232
-703
-118
-325
-169
477
-922
-309
469
928
592
-111
43
1005
299
-163
182
556
-917
-42
230
-440
-347
-431
193
293
151
-565
-38
162
-189
-336
-451
-58
30
215
791
437
-264
241
317
484
65
-9
543
-794
117
671
-273
-901
-785
-531
-805
-1071
-216
740
842
-92
-14
26
-8
-263
-838
750
-245
-442
-499
686
480
-342
385
577
-222
93
-631
45
-378
-949
46
-746
-508
-849
-192
1286
189
108
261
97
584
-35
-124
-761
529
72
172
-138
-292
81
19
-134
-414
-404
326
244
-294
-62
454
523
113
-74
-440
-543
634
588
-17
-102
377
576
-101
-142
242
294
-40
-531
-190
532
-826
-130
220
213
-416
-530
270
77
-42
-148
-784
-57
267
222
-532
215
290
173
-636
-538
-345
-17
-51
-710
78
403
431
-574
422
96
-973
113
332
-426
-500
850
-60
-70
-78
203
-156
-274
586
639
-542
-358
117
75
-410
-489
46
7
-68
-26
-73
549
92
-704
420
545
-274
-367
702
-698
-464
291
-835
-1406
-1079
-820
-1028
-963
187
-552
168
409
-659
-841
55
368
-261
768
754
10
-327
854
254
-278
182
464
-838
42
124
-998
-1091
-428
-331
-1060
-869
588
-401
152
1089
879
-617
-12
354
-83
251
-537
-99
210
328
-553
-217
236
61
-165
231
-237
-238
104
144
-736
472
376
148
885
-531
-491
682
181
-322
-311
538
-36
436
-369
-889
-5
177
-516
-19
975
-25
46
310
695
427
-82
237
815
-774
654
-223
-438
358
490
-561
-121
623
178
-111
-382
44
-181
292
-346
-434
292
206
-400
-421
-870
233
-10
-147
846
378
212
611
-407
122
-583
126
-318
9
-78
159
20
-359
-216
57
-247
-328
580
462
313
-225
-518
-818
451
203
333
106
545
653
187
512
-826
-351
-552
-67
524
-6
457
164
-168
-761
54
-288
-109
782
146
736
118
-92
-259
216
59
529
-270
-103
-127
97
-7
-369
-295
26
-141
-227
-255
56
-595
-477
-218
-172
-112
-283
499
124
478
-494
-214
-185
-127
-227
-238
339
626
373
-262
-460
-628
21
-148
8
32
-211
185
-460
-547
-189
51
254
-235
482
448
220
-223
-505
-568
275
440
99
429
616
245
299
-229
254
-496
-192
-285
-112
-206
-259
-111
-394
-319
-402
-185
-309
150
104
160
-130
-424
-232
-257
-13
-77
226
219
236
59
101
423
-31
342
76
-206
-480
-1119
-202
-9
10
-163
369
499
110
-313
-602
-381
-160
140
-109
481
706
226
316
527
-87
117
711
161
103
21
-148
139
-1016
-192
119
-940
-886
-215
-216
-525
-110
-360
464
344
-366
-578
-669
-279
-382
-141
12
-533
-909
-741
-677
-1101
-1159
-579
-621
-553
-226
-385
124
338
291
-40
262
-37
-487
317
206
-187
-701
-743
-656
-320
251
-133
-334
153
5
-366
-180
251
130
504
345
-226
-92
311
-141
212
228
328
400
496
-246
-114
444
-103
397
46
258
153
-7
-189
114
229
337
559
162
389
389
-341
-493
-354
-224
171
105
99
211
183
-978
-380
-175
-293
-100
-185
60
-234
636
37
-402
80
307
318
206
648
152
274
-308
-285
-394
-506
-534
-367
-356
280
11
-855
-828
-25
839
-521
331
613
-274
604
695
-334
-420
580
-322
-177
512
-907
-121
546
-440
-175
-549
-591
43
-248
-3
-3
-915
-88
-553
-775
406
-756
-201
508
-690
187
162
58
-935
-8
-540
-1190
-265
-1069
-795
576
4
-558
198
-162
382
395
-362
540
-496
-143
442
-560
428
231
91
255
-94
72
195
256
279
64
-315
-530
-241
-683
139
175
203
79
78
29
-476
-36
-60
177
-230
51
-218
53
146
-259
261
648
95
-138
-437
115
-648
-291
-497
-533
187
-244
-338
-271
-58
-160
-312
-448
145
-485
-575
202
907
-575
75
984
-193
505
358
-24
101
365
49
247
91
-884
348
366
-641
-310
400
-824
-44
506
-159
58
812
-313
-350
-572
538
90
208
741
661
27
167
165
376
421
287
122
-619
-168
327
-1
-223
131
471
-124
286
184
-153
277
-165
148
-684
264
-173
130
575
463
450
149
-381
-254
274
-241
-275
1076
123
27
194
-675
-747
199
418
35
1212
847
157
-60
-1
-66
-143
-319
203
-166
-395
-92
-266
-616
-274
-278
-504
-938
-440
-543
-727
115
-71
-196
-162
602
333
954
717
475
-65
-5
-43
-27
534
331
683
35
341
-345
166
-156
214
261
-175
-324
-224
-294
54
-14
-88
34
87
195
-104
-48
-188
-243
104
-261
-48
-260
443
72
-179
-281
54
0
388
46
-237
-315
-762
-4
-72
119
18
169
90
93
201
218
283
-3
-95
-12
6
-42
-55
194
-406
-146
25
-203
299
-450
-383
-258
49
-676
-75
1405
-248
482
839
-114
-101
4
-482
-138
-551
323
790
903
7
46
105
-162
-285
-716
-31
309
247
-621
-556
349
-691
-255
895
95
395
1304
-436
-579
-78
340
-305
-616
-49
-572
456
-366
-525
-364
552
687
-86
297
-247
-787
-104
313
742
-168
282
806
-389
245
411
-849
-762
-874
-1029
-1492
-1718
126
-1045
-905
46
-74
-441
664
930
548
26
-401
-303
21
-116
-29
431
349
430
493
-203
-494
168
113
-76
-356
142
303
304
223
-777
-411
-65
199
-684
-356
463
54
483
-407
-143
-58
-10
-748
-487
950
-103
-42
787
-367
-276
-373
-486
35
-512
59
-235
-129
-222
212
-250
-120
479
580
297
160
500
-368
-3
-242
-611
-155
10
166
535
419
-138
385
-323
887
223
88
-631
-197
43
-1132
-555
-438
-789
-1128
-786
289
-287
305
-285
26
244
-909
-725
-1069
101
205
752
125
195
-657
408
-104
-188
-419
22
394
717
180
1214
-460
178
-157
372
-21
521
1012
734
624
221
-2
-427
752
347
-130
-176
-158
-399
-416
-326
-382
-851
-108
298
-313
-292
-44
-147
-568
237
244
267
149
992
634
235
125
466
-535
181
-58
-298
271
458
96
-80
-218
-403
268
200
94
-148
147
-609
-524
-465
-869
639
513
187
-122
-60
-287
-11
-218
-334
397
58
621
-247
327
-269
315
95
-465
-1081
-767
-306
-971
-905
-688
-844
-960
-815
243
8
-123
183
223
-277
-64
-242
-637
65
-4
635
-673
-354
-719
-757
-1120
-820
-517
-378
-586
-286
-334
-718
-686
-769
-96
-178
571
-8
446
298
-630
410
484
-921
-60
144
289
-342
350
274
-542
396
-347
-502
158
-331
-62
205
-681
-303
-670
-448
142
-152
401
-643
-52
644
-706
-199
46
382
-203
-583
-388
-621
-827
-391
-724
-734
-787
-721
272
-1209
-424
936
-545
510
527
-210
209
-111
84
953
-727
432
-42
-688
43
195
-906
87
-119
-1300
215
24
-1354
183
215
-217
150
321
-32
-9
241
-157
-120
42
110
-591
206
353
-457
457
541
-314
217
188
-896
85
295
-967
138
776
-504
29
-264
-621
-414
37
-388
-103
272
-129
133
387
397
601
-334
766
627
-672
-96
445
158
-180
730
-366
-295
525
-291
-575
211
311
101
23
69
292
149
-188
