-364
-1690
-1698
575
-320
-477
717
1866
1467
-1960
-423
1133
-1821
-63
1783
116
956
674
-1656
513
1135
1076
1378
1139
712
212
-1753
-116
-1865
-2131
286
-242
155
499
1590
1890
1619
1644
753
1446
754
-894
-983
-2234
-2791
524
1205
1692
399
131
446
-1826
-2083
-1382
1127
-65
-2215
1860
-375
-2512
1429
1340
-384
-1309
-2647
-1778
-1935
89
992
-939
328
1552
526
1248
1323
-871
738
1002
-2494
-1700
121
562
573
755
571
888
685
-1287
-1093
493
963
661
-502
5
2
600
1268
776
713
716
-1198
-706
802
-405
-426
1584
1658
-11
-309
-1601
-1603
1219
-134
943
1506
640
596
-1012
-1003
1204
-1826
204
1347
-940
146
1187
991
950
397
-577
1430
1117
-1537
108
136
-1015
663
-176
-1542
1289
1021
-66
1708
238
