520
1377
-1100
-1334
1008
-483
687
-1441
-880
0
-315
365
0
982
-1122
-497
1180
-1787
-1444
-271
-902
0
1189
278
-875
0
852
-1487
-1692
1070
840
1448
-1228
-690
563
-1490
-646
-231
-2059
261
-1881
934
-1062
1496
0
-268
815
0
-429
-1293
0
0
1041
-928
783
-267
0
-1648
761
0
-1216
-835
609
-1934
-1462
1138
-812
-686
-30
-896
-1831
-1647
1348
0
1363
-1815
0
283
826
1191
-1038
1008
1106
92
-497
0
-869
201
732
-5
1131
749
467
514
-420
-151
-1615
990
-843
-377
-979
-271
-324
-405
-1479
-1805
596
1036
0
-1008
1141
0
648
674
0
0
-1093
796
1459
-1225
0
564
-1690
0
-591
-1950
-1484
969
327
1289
-1319
591
610
-553
-1435
406
-1153
0
1096
601
0
887
506
819
-871
744
981
658
-1600
0
1002
1263
-1036
26
-470
-1530
-2038
403
515
500
123
-1345
-753
-826
-89
-1860
585
-559
-316
-1462
-56
351
0
869
-1929
0
-1069
1009
0
0
-176
-49
-689
3
0
-2133
-1914
-21
939
-336
948
-1154
-121
-1138
-1592
-431
64
-227
-1209
101
-444
0
-1635
-799
0
710
-564
1436
-1142
-1497
940
470
1378
0
631
-1127
1583
10
-1824
-814
-1709
-791
354
-1109
746
1254
902
976
-512
-349
625
1238
792
-792
-993
-1117
0
868
-115
0
-1963
-42
0
0
-747
-1032
-1047
-872
0
592
-664
-29
-1008
-1684
531
-103
-1986
-1506
1141
-326
-1440
283
-134
133
1449
0
1438
422
0
342
1198
-1264
-874
-8
-990
500
743
0
-594
-961
-942
-13
855
666
397
-1523
-1292
-1867
369
-1889
-2096
-1278
-575
-2076
-2183
-1905
660
585
480
545
0
638
-2096
0
-1082
-517
0
0
1445
1120
1247
496
0
347
786
-1
-567
338
456
619
87
-328
1021
162
646
-970
-1160
-1161
-1017
0
-847
416
0
-1546
-628
1195
928
-1158
-1906
95
1096
3
-631
-145
-391
-21
-1934
730
-184
-1037
277
1033
-394
971
798
824
1307
757
240
-144
781
-1548
-1589
-856
0
-1397
-411
0
432
-1393
0
0
-267
-1539
404
-504
0
476
749
-1
-380
303
-1469
750
406
-1512
966
-1951
-1271
2067
237
174
1449
0
560
-510
0
-873
-456
792
873
182
-1329
665
24
-1
989
-1262
-940
86
-602
-704
-1001
641
570
456
-1546
983
-1278
-1416
-214
450
518
-950
-832
27
601
382
0
-1651
-1245
0
616
-1668
0
0
1180
-986
-831
-1103
0
-1038
866
0
313
558
-1764
-1736
-1619
1326
208
442
294
-266
49
-1838
-2165
0
-760
-1887
0
-1054
1512
-996
1095
-971
622
-887
-414
0
-1133
828
932
-15
-1242
-1428
598
-1549
427
-530
587
611
-745
401
-1378
20
395
1047
-423
-1027
1025
-1532
0
721
760
0
-818
986
0
0
-1185
1146
965
1473
0
-1647
677
0
-280
-1033
788
484
134
-554
1053
311
-314
-732
915
179
49
0
-716
-25
0
821
-1702
-1378
-248
-1348
-390
-716
-921
3
1031
-1597
-1436
-65
694
815
-579
-843
-1042
-86
-997
865
-270
865
-1092
574
487
753
541
515
-735
1391
0
799
99
0
381
1071
0
0
-1337
-1412
-1141
-1393
0
242
-383
-2
657
359
47
-1689
-524
108
-408
184
-997
-239
536
457
122
0
1128
298
0
-65
-1481
-243
645
-354
767
-2796
-1084
0
-1195
-1742
200
17
-621
675
315
-1365
-2265
-280
266
-789
586
139
1926
110
-1765
849
321
854
-1973
-1364
0
835
845
0
-764
146
0
0
1082
1020
-1027
1505
0
561
539
0
-2187
260
653
697
